items: 
  id: 0
  name: "Root"
  plugin: Base
  class: RootItem
  children: 
    - 
      id: 1
      name: "TunnelWall60m-R"
      plugin: Body
      class: BodyItem
      data: 
        modelFile: "${SHARE}/WRS2020/model/TunnelWall60m-R.body"
        currentBaseLink: "1_Base"
        rootPosition: [ 0, 0, 0 ]
        rootAttitude: [ 
          1, 0, 0, 
          0, 1, 0, 
          0, 0, 1 ]
        jointPositions: [  ]
        initialRootPosition: [ 0, 0, 0 ]
        initialRootAttitude: [ 
          1, 0, 0, 
          0, 1, 0, 
          0, 0, 1 ]
        zmp: [ 0, 0, 0 ]
        collisionDetection: true
        selfCollisionDetection: false
        isEditable: false
    - 
      id: 2
      name: "TunnelWall60m-L"
      plugin: Body
      class: BodyItem
      data: 
        modelFile: "${SHARE}/WRS2020/model/TunnelWall60m-L.body"
        currentBaseLink: "1_Base"
        rootPosition: [ 0, 0, 0 ]
        rootAttitude: [ 
          1, 0, 0, 
          0, 1, 0, 
          0, 0, 1 ]
        jointPositions: [  ]
        initialRootPosition: [ 0, 0, 0 ]
        initialRootAttitude: [ 
          1, 0, 0, 
          0, 1, 0, 
          0, 0, 1 ]
        zmp: [ 0, 0, 0 ]
        collisionDetection: true
        selfCollisionDetection: false
        isEditable: false
    - 
      id: 3
      name: "RoadSurface"
      plugin: Body
      class: BodyItem
      data: 
        modelFile: "${SHARE}/WRS2020/model/RoadSurface.body"
        currentBaseLink: "Base"
        rootPosition: [ 0, 0, 0 ]
        rootAttitude: [ 
          1, 0, 0, 
          0, 1, 0, 
          0, 0, 1 ]
        jointPositions: [  ]
        initialRootPosition: [ 0, 0, 0 ]
        initialRootAttitude: [ 
          1, 0, 0, 
          0, 1, 0, 
          0, 0, 1 ]
        zmp: [ 0, 0, 0 ]
        collisionDetection: true
        selfCollisionDetection: false
        isEditable: false
    - 
      id: 4
      name: "JetFan"
      plugin: Body
      class: BodyItem
      data: 
        modelFile: "${SHARE}/WRS2020/model/JetFan2020.body"
        currentBaseLink: "Base"
        rootPosition: [ 0, 5, 0.11 ]
        rootAttitude: [ 
          0, 1, 0, 
         -1, 0, 0, 
          0, 0, 1 ]
        jointPositions: [  ]
        initialRootPosition: [ 0, 5, 0.11 ]
        initialRootAttitude: [ 
          0, 1, 0, 
         -1, 0, 0, 
          0, 0, 1 ]
        zmp: [ 0, 0, 0 ]
        collisionDetection: true
        selfCollisionDetection: false
        isEditable: false
    - 
      id: 6
      name: "Flag2R"
      plugin: Body
      class: BodyItem
      data: 
        modelFile: "${SHARE}/WRS2020/model/Flag2R.body"
        currentBaseLink: "BASE"
        rootPosition: [ 18, -3, 0 ]
        rootAttitude: [ 
          1, 0, 0, 
          0, 1, 0, 
          0, 0, 1 ]
        jointPositions: [  ]
        initialRootPosition: [ 18, -3, 0 ]
        initialRootAttitude: [ 
          1, 0, 0, 
          0, 1, 0, 
          0, 0, 1 ]
        zmp: [ 0, 0, 0 ]
        collisionDetection: true
        selfCollisionDetection: false
        isEditable: false
    - 
      id: 7
      name: "Flag2L"
      plugin: Body
      class: BodyItem
      data: 
        modelFile: "${SHARE}/WRS2020/model/Flag2L.body"
        currentBaseLink: "BASE"
        rootPosition: [ 18, 3, 0 ]
        rootAttitude: [ 
          1, 0, 0, 
          0, 1, 0, 
          0, 0, 1 ]
        jointPositions: [  ]
        initialRootPosition: [ 18, 3, 0 ]
        initialRootAttitude: [ 
          1, 0, 0, 
          0, 1, 0, 
          0, 0, 1 ]
        zmp: [ 0, 0, 0 ]
        collisionDetection: true
        selfCollisionDetection: false
        isEditable: false
    - 
      id: 8
      name: "Flag1R"
      plugin: Body
      class: BodyItem
      data: 
        modelFile: "${SHARE}/WRS2020/model/Flag1R.body"
        currentBaseLink: "BASE"
        rootPosition: [ 4, -3, 0 ]
        rootAttitude: [ 
          1, 0, 0, 
          0, 1, 0, 
          0, 0, 1 ]
        jointPositions: [  ]
        initialRootPosition: [ 4, -3, 0 ]
        initialRootAttitude: [ 
          1, 0, 0, 
          0, 1, 0, 
          0, 0, 1 ]
        zmp: [ 0, 0, 0 ]
        collisionDetection: true
        selfCollisionDetection: false
        isEditable: false
    - 
      id: 9
      name: "Flag1L"
      plugin: Body
      class: BodyItem
      data: 
        modelFile: "${SHARE}/WRS2020/model/Flag1L.body"
        currentBaseLink: "BASE"
        rootPosition: [ 4, 3, 0 ]
        rootAttitude: [ 
          1, 0, 0, 
          0, 1, 0, 
          0, 0, 1 ]
        jointPositions: [  ]
        initialRootPosition: [ 4, 3, 0 ]
        initialRootAttitude: [ 
          1, 0, 0, 
          0, 1, 0, 
          0, 0, 1 ]
        zmp: [ 0, 0, 0 ]
        collisionDetection: true
        selfCollisionDetection: false
        isEditable: false
    - 
      id: 40
      name: "WorldLogFile"
      plugin: Body
      class: WorldLogFileItem
      data: 
        filename: TS4.log
        timeStampSuffix: true
        recordingFrameRate: 100
    - 
      id: 100
      name: "TargetTS4_35-50-A1"
      plugin: Body
      class: BodyItem
      data: 
        modelFile: "${SHARE}/WRS2020/model/TargetTS4_35-50-A1.body"
        currentBaseLink: "QR-BASE"
        rootPosition: [ 7.0000, 4.3813, 2.3000 ]
        rootAttitude: [ 
           1.000000,  0.000000,  0.000000,
           0.000000, -0.144251, -0.989541,
           0.000000,  0.989541, -0.144251   ]
        jointPositions: [  ]
        initialRootPosition: [ 7.0000, 4.3813, 2.3000 ]
        initialRootAttitude: [ 
           1.000000,  0.000000,  0.000000,
           0.000000, -0.144251, -0.989541,
           0.000000,  0.989541, -0.144251   ]
        zmp: [ 0, 0, 0 ]
        collisionDetection: true
        selfCollisionDetection: false
        isEditable: false
    - 
      id: 101
      name: "TargetTS4_35-50-A2"
      plugin: Body
      class: BodyItem
      data: 
        modelFile: "${SHARE}/WRS2020/model/TargetTS4_35-50-A2.body"
        currentBaseLink: "QR-BASE"
        rootPosition: [ 7.0000, 4.4470, 1.8000 ]
        rootAttitude: [ 
           1.000000,  0.000000,  0.000000,
           0.000000, -0.144978, -0.989435,
           0.000000,  0.989435, -0.144978   ]
        jointPositions: [  ]
        initialRootPosition: [ 7.0000, 4.4470, 1.8000 ]
        initialRootAttitude: [ 
           1.000000,  0.000000,  0.000000,
           0.000000, -0.144978, -0.989435,
           0.000000,  0.989435, -0.144978   ]
        zmp: [ 0, 0, 0 ]
        collisionDetection: true
        selfCollisionDetection: false
        isEditable: false
    - 
      id: 102
      name: "TargetTS4_35-50-A3"
      plugin: Body
      class: BodyItem
      data: 
        modelFile: "${SHARE}/WRS2020/model/TargetTS4_35-50-A3.body"
        currentBaseLink: "QR-BASE"
        rootPosition: [ 7.0000, 4.4008, 1.3000 ]
        rootAttitude: [ 
           1.000000,  0.000000,  0.000000,
           0.000000,  0.189058, -0.981966,
           0.000000,  0.981966,  0.189058   ]
        jointPositions: [  ]
        initialRootPosition: [ 7.0000, 4.4008, 1.3000 ]
        initialRootAttitude: [ 
           1.000000,  0.000000,  0.000000,
           0.000000,  0.189058, -0.981966,
           0.000000,  0.981966,  0.189058   ]
        zmp: [ 0, 0, 0 ]
        collisionDetection: true
        selfCollisionDetection: false
        isEditable: false
    - 
      id: 103
      name: "TargetTS4_35-50-A4"
      plugin: Body
      class: BodyItem
      data: 
        modelFile: "${SHARE}/WRS2020/model/TargetTS4_35-50-A4.body"
        currentBaseLink: "QR-BASE"
        rootPosition: [ 7.0000, 4.3036, 0.8000 ]
        rootAttitude: [ 
           1.000000,  0.000000,  0.000000,
           0.000000,  0.190927, -0.981604,
           0.000000,  0.981604,  0.190927   ]
        jointPositions: [  ]
        initialRootPosition: [ 7.0000, 4.3036, 0.8000 ]
        initialRootAttitude: [ 
           1.000000,  0.000000,  0.000000,
           0.000000,  0.190927, -0.981604,
           0.000000,  0.981604,  0.190927   ]
        zmp: [ 0, 0, 0 ]
        collisionDetection: true
        selfCollisionDetection: false
        isEditable: false
    - 
      id: 104
      name: "TargetTS4_35-50-A5"
      plugin: Body
      class: BodyItem
      data: 
        modelFile: "${SHARE}/WRS2020/model/TargetTS4_35-50-A5.body"
        currentBaseLink: "QR-BASE"
        rootPosition: [ 7.0000, 4.2091, 0.3000 ]
        rootAttitude: [ 
           1.000000,  0.000000,  0.000000,
           0.000000,  0.174819, -0.984601,
           0.000000,  0.984601,  0.174819   ]
        jointPositions: [  ]
        initialRootPosition: [ 7.0000, 4.2091, 0.3000 ]
        initialRootAttitude: [ 
           1.000000,  0.000000,  0.000000,
           0.000000,  0.174819, -0.984601,
           0.000000,  0.984601,  0.174819   ]
        zmp: [ 0, 0, 0 ]
        collisionDetection: true
        selfCollisionDetection: false
        isEditable: false

    - 
      id: 105
      name: "TargetTS4_35-50-B1"
      plugin: Body
      class: BodyItem
      data: 
        modelFile: "${SHARE}/WRS2020/model/TargetTS4_35-50-B1.body"
        currentBaseLink: "QR-BASE"
        rootPosition: [ 7.5000, 4.3813, 2.3000 ]
        rootAttitude: [ 
           1.000000,  0.000000,  0.000000,
           0.000000, -0.144251, -0.989541,
           0.000000,  0.989541, -0.144251   ]
        jointPositions: [  ]
        initialRootPosition: [ 7.5000, 4.3813, 2.3000 ]
        initialRootAttitude: [ 
           1.000000,  0.000000,  0.000000,
           0.000000, -0.144251, -0.989541,
           0.000000,  0.989541, -0.144251   ]
        zmp: [ 0, 0, 0 ]
        collisionDetection: true
        selfCollisionDetection: false
        isEditable: false
    - 
      id: 106
      name: "TargetTS4_35-50-B2"
      plugin: Body
      class: BodyItem
      data: 
        modelFile: "${SHARE}/WRS2020/model/TargetTS4_35-50-B2.body"
        currentBaseLink: "QR-BASE"
        rootPosition: [ 7.5000, 4.4470, 1.8000 ]
        rootAttitude: [ 
           1.000000,  0.000000,  0.000000,
           0.000000, -0.144978, -0.989435,
           0.000000,  0.989435, -0.144978   ]
        jointPositions: [  ]
        initialRootPosition: [ 7.5000, 4.4470, 1.8000 ]
        initialRootAttitude: [ 
           1.000000,  0.000000,  0.000000,
           0.000000, -0.144978, -0.989435,
           0.000000,  0.989435, -0.144978   ]
        zmp: [ 0, 0, 0 ]
        collisionDetection: true
        selfCollisionDetection: false
        isEditable: false
    - 
      id: 107
      name: "TargetTS4_35-50-B3"
      plugin: Body
      class: BodyItem
      data: 
        modelFile: "${SHARE}/WRS2020/model/TargetTS4_35-50-B3.body"
        currentBaseLink: "QR-BASE"
        rootPosition: [ 7.5000, 4.4008, 1.3000 ]
        rootAttitude: [ 
           1.000000,  0.000000,  0.000000,
           0.000000,  0.189058, -0.981966,
           0.000000,  0.981966,  0.189058   ]
        jointPositions: [  ]
        initialRootPosition: [ 7.5000, 4.4008, 1.3000 ]
        initialRootAttitude: [ 
           1.000000,  0.000000,  0.000000,
           0.000000,  0.189058, -0.981966,
           0.000000,  0.981966,  0.189058   ]
        zmp: [ 0, 0, 0 ]
        collisionDetection: true
        selfCollisionDetection: false
        isEditable: false
    - 
      id: 108
      name: "TargetTS4_35-50-B4"
      plugin: Body
      class: BodyItem
      data: 
        modelFile: "${SHARE}/WRS2020/model/TargetTS4_35-50-B4.body"
        currentBaseLink: "QR-BASE"
        rootPosition: [ 7.5000, 4.3036, 0.8000 ]
        rootAttitude: [ 
           1.000000,  0.000000,  0.000000,
           0.000000,  0.190927, -0.981604,
           0.000000,  0.981604,  0.190927   ]
        jointPositions: [  ]
        initialRootPosition: [ 7.5000, 4.3036, 0.8000 ]
        initialRootAttitude: [ 
           1.000000,  0.000000,  0.000000,
           0.000000,  0.190927, -0.981604,
           0.000000,  0.981604,  0.190927   ]
        zmp: [ 0, 0, 0 ]
        collisionDetection: true
        selfCollisionDetection: false
        isEditable: false
    - 
      id: 109
      name: "TargetTS4_35-50-B5"
      plugin: Body
      class: BodyItem
      data: 
        modelFile: "${SHARE}/WRS2020/model/TargetTS4_35-50-B5.body"
        currentBaseLink: "QR-BASE"
        rootPosition: [ 7.5000, 4.2091, 0.3000 ]
        rootAttitude: [ 
           1.000000,  0.000000,  0.000000,
           0.000000,  0.174819, -0.984601,
           0.000000,  0.984601,  0.174819   ]
        jointPositions: [  ]
        initialRootPosition: [ 7.5000, 4.2091, 0.3000 ]
        initialRootAttitude: [ 
           1.000000,  0.000000,  0.000000,
           0.000000,  0.174819, -0.984601,
           0.000000,  0.984601,  0.174819   ]
        zmp: [ 0, 0, 0 ]
        collisionDetection: true
        selfCollisionDetection: false
        isEditable: false

    - 
      id: 110
      name: "TargetTS4_35-50-C1"
      plugin: Body
      class: BodyItem
      data: 
        modelFile: "${SHARE}/WRS2020/model/TargetTS4_35-50-C1.body"
        currentBaseLink: "QR-BASE"
        rootPosition: [ 8.0000, 4.3813, 2.3000 ]
        rootAttitude: [ 
           1.000000,  0.000000,  0.000000,
           0.000000, -0.144251, -0.989541,
           0.000000,  0.989541, -0.144251   ]
        jointPositions: [  ]
        initialRootPosition: [ 8.0000, 4.3813, 2.3000 ]
        initialRootAttitude: [ 
           1.000000,  0.000000,  0.000000,
           0.000000, -0.144251, -0.989541,
           0.000000,  0.989541, -0.144251   ]
        zmp: [ 0, 0, 0 ]
        collisionDetection: true
        selfCollisionDetection: false
        isEditable: false
    - 
      id: 111
      name: "TargetTS4_35-50-C2"
      plugin: Body
      class: BodyItem
      data: 
        modelFile: "${SHARE}/WRS2020/model/TargetTS4_35-50-C2.body"
        currentBaseLink: "QR-BASE"
        rootPosition: [ 8.0000, 4.4470, 1.8000 ]
        rootAttitude: [ 
           1.000000,  0.000000,  0.000000,
           0.000000, -0.144978, -0.989435,
           0.000000,  0.989435, -0.144978   ]
        jointPositions: [  ]
        initialRootPosition: [ 8.0000, 4.4470, 1.8000 ]
        initialRootAttitude: [ 
           1.000000,  0.000000,  0.000000,
           0.000000, -0.144978, -0.989435,
           0.000000,  0.989435, -0.144978   ]
        zmp: [ 0, 0, 0 ]
        collisionDetection: true
        selfCollisionDetection: false
        isEditable: false
    - 
      id: 112
      name: "TargetTS4_35-50-C3"
      plugin: Body
      class: BodyItem
      data: 
        modelFile: "${SHARE}/WRS2020/model/TargetTS4_35-50-C3.body"
        currentBaseLink: "QR-BASE"
        rootPosition: [ 8.0000, 4.4008, 1.3000 ]
        rootAttitude: [ 
           1.000000,  0.000000,  0.000000,
           0.000000,  0.189058, -0.981966,
           0.000000,  0.981966,  0.189058   ]
        jointPositions: [  ]
        initialRootPosition: [ 8.0000, 4.4008, 1.3000 ]
        initialRootAttitude: [ 
           1.000000,  0.000000,  0.000000,
           0.000000,  0.189058, -0.981966,
           0.000000,  0.981966,  0.189058   ]
        zmp: [ 0, 0, 0 ]
        collisionDetection: true
        selfCollisionDetection: false
        isEditable: false
    - 
      id: 113
      name: "TargetTS4_35-50-C4"
      plugin: Body
      class: BodyItem
      data: 
        modelFile: "${SHARE}/WRS2020/model/TargetTS4_35-50-C4.body"
        currentBaseLink: "QR-BASE"
        rootPosition: [ 8.0000, 4.3036, 0.8000 ]
        rootAttitude: [ 
           1.000000,  0.000000,  0.000000,
           0.000000,  0.190927, -0.981604,
           0.000000,  0.981604,  0.190927   ]
        jointPositions: [  ]
        initialRootPosition: [ 8.0000, 4.3036, 0.8000 ]
        initialRootAttitude: [ 
           1.000000,  0.000000,  0.000000,
           0.000000,  0.190927, -0.981604,
           0.000000,  0.981604,  0.190927   ]
        zmp: [ 0, 0, 0 ]
        collisionDetection: true
        selfCollisionDetection: false
        isEditable: false
    - 
      id: 114
      name: "TargetTS4_35-50-C5"
      plugin: Body
      class: BodyItem
      data: 
        modelFile: "${SHARE}/WRS2020/model/TargetTS4_35-50-C5.body"
        currentBaseLink: "QR-BASE"
        rootPosition: [ 8.0000, 4.2091, 0.3000 ]
        rootAttitude: [ 
           1.000000,  0.000000,  0.000000,
           0.000000,  0.174819, -0.984601,
           0.000000,  0.984601,  0.174819   ]
        jointPositions: [  ]
        initialRootPosition: [ 8.0000, 4.2091, 0.3000 ]
        initialRootAttitude: [ 
           1.000000,  0.000000,  0.000000,
           0.000000,  0.174819, -0.984601,
           0.000000,  0.984601,  0.174819   ]
        zmp: [ 0, 0, 0 ]
        collisionDetection: true
        selfCollisionDetection: false
        isEditable: false

    - 
      id: 115
      name: "TargetTS4_35-50-D1"
      plugin: Body
      class: BodyItem
      data: 
        modelFile: "${SHARE}/WRS2020/model/TargetTS4_35-50-D1.body"
        currentBaseLink: "QR-BASE"
        rootPosition: [ 8.5000, 4.3813, 2.3000 ]
        rootAttitude: [ 
           1.000000,  0.000000,  0.000000,
           0.000000, -0.144251, -0.989541,
           0.000000,  0.989541, -0.144251   ]
        jointPositions: [  ]
        initialRootPosition: [ 8.5000, 4.3813, 2.3000 ]
        initialRootAttitude: [ 
           1.000000,  0.000000,  0.000000,
           0.000000, -0.144251, -0.989541,
           0.000000,  0.989541, -0.144251   ]
        zmp: [ 0, 0, 0 ]
        collisionDetection: true
        selfCollisionDetection: false
        isEditable: false
    - 
      id: 116
      name: "TargetTS4_35-50-D2"
      plugin: Body
      class: BodyItem
      data: 
        modelFile: "${SHARE}/WRS2020/model/TargetTS4_35-50-D2.body"
        currentBaseLink: "QR-BASE"
        rootPosition: [ 8.5000, 4.4470, 1.8000 ]
        rootAttitude: [ 
           1.000000,  0.000000,  0.000000,
           0.000000, -0.144978, -0.989435,
           0.000000,  0.989435, -0.144978   ]
        jointPositions: [  ]
        initialRootPosition: [ 8.5000, 4.4470, 1.8000 ]
        initialRootAttitude: [ 
           1.000000,  0.000000,  0.000000,
           0.000000, -0.144978, -0.989435,
           0.000000,  0.989435, -0.144978   ]
        zmp: [ 0, 0, 0 ]
        collisionDetection: true
        selfCollisionDetection: false
        isEditable: false
    - 
      id: 117
      name: "TargetTS4_35-50-D3"
      plugin: Body
      class: BodyItem
      data: 
        modelFile: "${SHARE}/WRS2020/model/TargetTS4_35-50-D3.body"
        currentBaseLink: "QR-BASE"
        rootPosition: [ 8.5000, 4.4008, 1.3000 ]
        rootAttitude: [ 
           1.000000,  0.000000,  0.000000,
           0.000000,  0.189058, -0.981966,
           0.000000,  0.981966,  0.189058   ]
        jointPositions: [  ]
        initialRootPosition: [ 8.5000, 4.4008, 1.3000 ]
        initialRootAttitude: [ 
           1.000000,  0.000000,  0.000000,
           0.000000,  0.189058, -0.981966,
           0.000000,  0.981966,  0.189058   ]
        zmp: [ 0, 0, 0 ]
        collisionDetection: true
        selfCollisionDetection: false
        isEditable: false
    - 
      id: 118
      name: "TargetTS4_35-50-D4"
      plugin: Body
      class: BodyItem
      data: 
        modelFile: "${SHARE}/WRS2020/model/TargetTS4_35-50-D4.body"
        currentBaseLink: "QR-BASE"
        rootPosition: [ 8.5000, 4.3036, 0.8000 ]
        rootAttitude: [ 
           1.000000,  0.000000,  0.000000,
           0.000000,  0.190927, -0.981604,
           0.000000,  0.981604,  0.190927   ]
        jointPositions: [  ]
        initialRootPosition: [ 8.5000, 4.3036, 0.8000 ]
        initialRootAttitude: [ 
           1.000000,  0.000000,  0.000000,
           0.000000,  0.190927, -0.981604,
           0.000000,  0.981604,  0.190927   ]
        zmp: [ 0, 0, 0 ]
        collisionDetection: true
        selfCollisionDetection: false
        isEditable: false
    - 
      id: 119
      name: "TargetTS4_35-50-D5"
      plugin: Body
      class: BodyItem
      data: 
        modelFile: "${SHARE}/WRS2020/model/TargetTS4_35-50-D5.body"
        currentBaseLink: "QR-BASE"
        rootPosition: [ 8.5000, 4.2091, 0.3000 ]
        rootAttitude: [ 
           1.000000,  0.000000,  0.000000,
           0.000000,  0.174819, -0.984601,
           0.000000,  0.984601,  0.174819   ]
        jointPositions: [  ]
        initialRootPosition: [ 8.5000, 4.2091, 0.3000 ]
        initialRootAttitude: [ 
           1.000000,  0.000000,  0.000000,
           0.000000,  0.174819, -0.984601,
           0.000000,  0.984601,  0.174819   ]
        zmp: [ 0, 0, 0 ]
        collisionDetection: true
        selfCollisionDetection: false
        isEditable: false

    - 
      id: 120
      name: "TargetTS4_35-50-E1"
      plugin: Body
      class: BodyItem
      data: 
        modelFile: "${SHARE}/WRS2020/model/TargetTS4_35-50-E1.body"
        currentBaseLink: "QR-BASE"
        rootPosition: [ 9.0000, 4.3813, 2.3000 ]
        rootAttitude: [ 
           1.000000,  0.000000,  0.000000,
           0.000000, -0.144251, -0.989541,
           0.000000,  0.989541, -0.144251   ]
        jointPositions: [  ]
        initialRootPosition: [ 9.0000, 4.3813, 2.3000 ]
        initialRootAttitude: [ 
           1.000000,  0.000000,  0.000000,
           0.000000, -0.144251, -0.989541,
           0.000000,  0.989541, -0.144251   ]
        zmp: [ 0, 0, 0 ]
        collisionDetection: true
        selfCollisionDetection: false
        isEditable: false
    - 
      id: 121
      name: "TargetTS4_35-50-E2"
      plugin: Body
      class: BodyItem
      data: 
        modelFile: "${SHARE}/WRS2020/model/TargetTS4_35-50-E2.body"
        currentBaseLink: "QR-BASE"
        rootPosition: [ 9.0000, 4.4470, 1.8000 ]
        rootAttitude: [ 
           1.000000,  0.000000,  0.000000,
           0.000000, -0.144978, -0.989435,
           0.000000,  0.989435, -0.144978   ]
        jointPositions: [  ]
        initialRootPosition: [ 9.0000, 4.4470, 1.8000 ]
        initialRootAttitude: [ 
           1.000000,  0.000000,  0.000000,
           0.000000, -0.144978, -0.989435,
           0.000000,  0.989435, -0.144978   ]
        zmp: [ 0, 0, 0 ]
        collisionDetection: true
        selfCollisionDetection: false
        isEditable: false
    - 
      id: 122
      name: "TargetTS4_35-50-E3"
      plugin: Body
      class: BodyItem
      data: 
        modelFile: "${SHARE}/WRS2020/model/TargetTS4_35-50-E3.body"
        currentBaseLink: "QR-BASE"
        rootPosition: [ 9.0000, 4.4008, 1.3000 ]
        rootAttitude: [ 
           1.000000,  0.000000,  0.000000,
           0.000000,  0.189058, -0.981966,
           0.000000,  0.981966,  0.189058   ]
        jointPositions: [  ]
        initialRootPosition: [ 9.0000, 4.4008, 1.3000 ]
        initialRootAttitude: [ 
           1.000000,  0.000000,  0.000000,
           0.000000,  0.189058, -0.981966,
           0.000000,  0.981966,  0.189058   ]
        zmp: [ 0, 0, 0 ]
        collisionDetection: true
        selfCollisionDetection: false
        isEditable: false
    - 
      id: 123
      name: "TargetTS4_35-50-E4"
      plugin: Body
      class: BodyItem
      data: 
        modelFile: "${SHARE}/WRS2020/model/TargetTS4_35-50-E4.body"
        currentBaseLink: "QR-BASE"
        rootPosition: [ 9.0000, 4.3036, 0.8000 ]
        rootAttitude: [ 
           1.000000,  0.000000,  0.000000,
           0.000000,  0.190927, -0.981604,
           0.000000,  0.981604,  0.190927   ]
        jointPositions: [  ]
        initialRootPosition: [ 9.0000, 4.3036, 0.8000 ]
        initialRootAttitude: [ 
           1.000000,  0.000000,  0.000000,
           0.000000,  0.190927, -0.981604,
           0.000000,  0.981604,  0.190927   ]
        zmp: [ 0, 0, 0 ]
        collisionDetection: true
        selfCollisionDetection: false
        isEditable: false
    - 
      id: 124
      name: "TargetTS4_35-50-E5"
      plugin: Body
      class: BodyItem
      data: 
        modelFile: "${SHARE}/WRS2020/model/TargetTS4_35-50-E5.body"
        currentBaseLink: "QR-BASE"
        rootPosition: [ 9.0000, 4.2091, 0.3000 ]
        rootAttitude: [ 
           1.000000,  0.000000,  0.000000,
           0.000000,  0.174819, -0.984601,
           0.000000,  0.984601,  0.174819   ]
        jointPositions: [  ]
        initialRootPosition: [ 9.0000, 4.2091, 0.3000 ]
        initialRootAttitude: [ 
           1.000000,  0.000000,  0.000000,
           0.000000,  0.174819, -0.984601,
           0.000000,  0.984601,  0.174819   ]
        zmp: [ 0, 0, 0 ]
        collisionDetection: true
        selfCollisionDetection: false
        isEditable: false

    - 
      id: 125
      name: "TargetTS4_35-50-F1"
      plugin: Body
      class: BodyItem
      data: 
        modelFile: "${SHARE}/WRS2020/model/TargetTS4_35-50-F1.body"
        currentBaseLink: "QR-BASE"
        rootPosition: [ 9.5000, 4.3813, 2.3000 ]
        rootAttitude: [ 
           1.000000,  0.000000,  0.000000,
           0.000000, -0.144251, -0.989541,
           0.000000,  0.989541, -0.144251   ]
        jointPositions: [  ]
        initialRootPosition: [ 9.5000, 4.3813, 2.3000 ]
        initialRootAttitude: [ 
           1.000000,  0.000000,  0.000000,
           0.000000, -0.144251, -0.989541,
           0.000000,  0.989541, -0.144251   ]
        zmp: [ 0, 0, 0 ]
        collisionDetection: true
        selfCollisionDetection: false
        isEditable: false
    - 
      id: 126
      name: "TargetTS4_35-50-F2"
      plugin: Body
      class: BodyItem
      data: 
        modelFile: "${SHARE}/WRS2020/model/TargetTS4_35-50-F2.body"
        currentBaseLink: "QR-BASE"
        rootPosition: [ 9.5000, 4.4470, 1.8000 ]
        rootAttitude: [ 
           1.000000,  0.000000,  0.000000,
           0.000000, -0.144978, -0.989435,
           0.000000,  0.989435, -0.144978   ]
        jointPositions: [  ]
        initialRootPosition: [ 9.5000, 4.4470, 1.8000 ]
        initialRootAttitude: [ 
           1.000000,  0.000000,  0.000000,
           0.000000, -0.144978, -0.989435,
           0.000000,  0.989435, -0.144978   ]
        zmp: [ 0, 0, 0 ]
        collisionDetection: true
        selfCollisionDetection: false
        isEditable: false
    - 
      id: 127
      name: "TargetTS4_35-50-F3"
      plugin: Body
      class: BodyItem
      data: 
        modelFile: "${SHARE}/WRS2020/model/TargetTS4_35-50-F3.body"
        currentBaseLink: "QR-BASE"
        rootPosition: [ 9.5000, 4.4008, 1.3000 ]
        rootAttitude: [ 
           1.000000,  0.000000,  0.000000,
           0.000000,  0.189058, -0.981966,
           0.000000,  0.981966,  0.189058   ]
        jointPositions: [  ]
        initialRootPosition: [ 9.5000, 4.4008, 1.3000 ]
        initialRootAttitude: [ 
           1.000000,  0.000000,  0.000000,
           0.000000,  0.189058, -0.981966,
           0.000000,  0.981966,  0.189058   ]
        zmp: [ 0, 0, 0 ]
        collisionDetection: true
        selfCollisionDetection: false
        isEditable: false
    - 
      id: 128
      name: "TargetTS4_35-50-F4"
      plugin: Body
      class: BodyItem
      data: 
        modelFile: "${SHARE}/WRS2020/model/TargetTS4_35-50-F4.body"
        currentBaseLink: "QR-BASE"
        rootPosition: [ 9.5000, 4.3036, 0.8000 ]
        rootAttitude: [ 
           1.000000,  0.000000,  0.000000,
           0.000000,  0.190927, -0.981604,
           0.000000,  0.981604,  0.190927   ]
        jointPositions: [  ]
        initialRootPosition: [ 9.5000, 4.3036, 0.8000 ]
        initialRootAttitude: [ 
           1.000000,  0.000000,  0.000000,
           0.000000,  0.190927, -0.981604,
           0.000000,  0.981604,  0.190927   ]
        zmp: [ 0, 0, 0 ]
        collisionDetection: true
        selfCollisionDetection: false
        isEditable: false
    - 
      id: 129
      name: "TargetTS4_35-50-F5"
      plugin: Body
      class: BodyItem
      data: 
        modelFile: "${SHARE}/WRS2020/model/TargetTS4_35-50-F5.body"
        currentBaseLink: "QR-BASE"
        rootPosition: [ 9.5000, 4.2091, 0.3000 ]
        rootAttitude: [ 
           1.000000,  0.000000,  0.000000,
           0.000000,  0.174819, -0.984601,
           0.000000,  0.984601,  0.174819   ]
        jointPositions: [  ]
        initialRootPosition: [ 9.5000, 4.2091, 0.3000 ]
        initialRootAttitude: [ 
           1.000000,  0.000000,  0.000000,
           0.000000,  0.174819, -0.984601,
           0.000000,  0.984601,  0.174819   ]
        zmp: [ 0, 0, 0 ]
        collisionDetection: true
        selfCollisionDetection: false
        isEditable: false

    - 
      id: 130
      name: "TargetTS4_35-50-G1"
      plugin: Body
      class: BodyItem
      data: 
        modelFile: "${SHARE}/WRS2020/model/TargetTS4_35-50-G1.body"
        currentBaseLink: "QR-BASE"
        rootPosition: [ 10.0000, 4.3813, 2.3000 ]
        rootAttitude: [ 
           1.000000,  0.000000,  0.000000,
           0.000000, -0.144251, -0.989541,
           0.000000,  0.989541, -0.144251   ]
        jointPositions: [  ]
        initialRootPosition: [ 10.0000, 4.3813, 2.3000 ]
        initialRootAttitude: [ 
           1.000000,  0.000000,  0.000000,
           0.000000, -0.144251, -0.989541,
           0.000000,  0.989541, -0.144251   ]
        zmp: [ 0, 0, 0 ]
        collisionDetection: true
        selfCollisionDetection: false
        isEditable: false
    - 
      id: 131
      name: "TargetTS4_35-50-G2"
      plugin: Body
      class: BodyItem
      data: 
        modelFile: "${SHARE}/WRS2020/model/TargetTS4_35-50-G2.body"
        currentBaseLink: "QR-BASE"
        rootPosition: [ 10.0000, 4.4470, 1.8000 ]
        rootAttitude: [ 
           1.000000,  0.000000,  0.000000,
           0.000000, -0.144978, -0.989435,
           0.000000,  0.989435, -0.144978   ]
        jointPositions: [  ]
        initialRootPosition: [ 10.0000, 4.4470, 1.8000 ]
        initialRootAttitude: [ 
           1.000000,  0.000000,  0.000000,
           0.000000, -0.144978, -0.989435,
           0.000000,  0.989435, -0.144978   ]
        zmp: [ 0, 0, 0 ]
        collisionDetection: true
        selfCollisionDetection: false
        isEditable: false
    - 
      id: 132
      name: "TargetTS4_35-50-G3"
      plugin: Body
      class: BodyItem
      data: 
        modelFile: "${SHARE}/WRS2020/model/TargetTS4_35-50-G3.body"
        currentBaseLink: "QR-BASE"
        rootPosition: [ 10.0000, 4.4008, 1.3000 ]
        rootAttitude: [ 
           1.000000,  0.000000,  0.000000,
           0.000000,  0.189058, -0.981966,
           0.000000,  0.981966,  0.189058   ]
        jointPositions: [  ]
        initialRootPosition: [ 10.0000, 4.4008, 1.3000 ]
        initialRootAttitude: [ 
           1.000000,  0.000000,  0.000000,
           0.000000,  0.189058, -0.981966,
           0.000000,  0.981966,  0.189058   ]
        zmp: [ 0, 0, 0 ]
        collisionDetection: true
        selfCollisionDetection: false
        isEditable: false
    - 
      id: 133
      name: "TargetTS4_35-50-G4"
      plugin: Body
      class: BodyItem
      data: 
        modelFile: "${SHARE}/WRS2020/model/TargetTS4_35-50-G4.body"
        currentBaseLink: "QR-BASE"
        rootPosition: [ 10.0000, 4.3036, 0.8000 ]
        rootAttitude: [ 
           1.000000,  0.000000,  0.000000,
           0.000000,  0.190927, -0.981604,
           0.000000,  0.981604,  0.190927   ]
        jointPositions: [  ]
        initialRootPosition: [ 10.0000, 4.3036, 0.8000 ]
        initialRootAttitude: [ 
           1.000000,  0.000000,  0.000000,
           0.000000,  0.190927, -0.981604,
           0.000000,  0.981604,  0.190927   ]
        zmp: [ 0, 0, 0 ]
        collisionDetection: true
        selfCollisionDetection: false
        isEditable: false
    - 
      id: 134
      name: "TargetTS4_35-50-G5"
      plugin: Body
      class: BodyItem
      data: 
        modelFile: "${SHARE}/WRS2020/model/TargetTS4_35-50-G5.body"
        currentBaseLink: "QR-BASE"
        rootPosition: [ 10.0000, 4.2091, 0.3000 ]
        rootAttitude: [ 
           1.000000,  0.000000,  0.000000,
           0.000000,  0.174819, -0.984601,
           0.000000,  0.984601,  0.174819   ]
        jointPositions: [  ]
        initialRootPosition: [ 10.0000, 4.2091, 0.3000 ]
        initialRootAttitude: [ 
           1.000000,  0.000000,  0.000000,
           0.000000,  0.174819, -0.984601,
           0.000000,  0.984601,  0.174819   ]
        zmp: [ 0, 0, 0 ]
        collisionDetection: true
        selfCollisionDetection: false
        isEditable: false

    - 
      id: 135
      name: "TargetTS4_35-50-H1"
      plugin: Body
      class: BodyItem
      data: 
        modelFile: "${SHARE}/WRS2020/model/TargetTS4_35-50-H1.body"
        currentBaseLink: "QR-BASE"
        rootPosition: [ 10.5000, 4.3813, 2.3000 ]
        rootAttitude: [ 
           1.000000,  0.000000,  0.000000,
           0.000000, -0.144251, -0.989541,
           0.000000,  0.989541, -0.144251   ]
        jointPositions: [  ]
        initialRootPosition: [ 10.5000, 4.3813, 2.3000 ]
        initialRootAttitude: [ 
           1.000000,  0.000000,  0.000000,
           0.000000, -0.144251, -0.989541,
           0.000000,  0.989541, -0.144251   ]
        zmp: [ 0, 0, 0 ]
        collisionDetection: true
        selfCollisionDetection: false
        isEditable: false
    - 
      id: 136
      name: "TargetTS4_35-50-H2"
      plugin: Body
      class: BodyItem
      data: 
        modelFile: "${SHARE}/WRS2020/model/TargetTS4_35-50-H2.body"
        currentBaseLink: "QR-BASE"
        rootPosition: [ 10.5000, 4.4470, 1.8000 ]
        rootAttitude: [ 
           1.000000,  0.000000,  0.000000,
           0.000000, -0.144978, -0.989435,
           0.000000,  0.989435, -0.144978   ]
        jointPositions: [  ]
        initialRootPosition: [ 10.5000, 4.4470, 1.8000 ]
        initialRootAttitude: [ 
           1.000000,  0.000000,  0.000000,
           0.000000, -0.144978, -0.989435,
           0.000000,  0.989435, -0.144978   ]
        zmp: [ 0, 0, 0 ]
        collisionDetection: true
        selfCollisionDetection: false
        isEditable: false
    - 
      id: 137
      name: "TargetTS4_35-50-H3"
      plugin: Body
      class: BodyItem
      data: 
        modelFile: "${SHARE}/WRS2020/model/TargetTS4_35-50-H3.body"
        currentBaseLink: "QR-BASE"
        rootPosition: [ 10.5000, 4.4008, 1.3000 ]
        rootAttitude: [ 
           1.000000,  0.000000,  0.000000,
           0.000000,  0.189058, -0.981966,
           0.000000,  0.981966,  0.189058   ]
        jointPositions: [  ]
        initialRootPosition: [ 10.5000, 4.4008, 1.3000 ]
        initialRootAttitude: [ 
           1.000000,  0.000000,  0.000000,
           0.000000,  0.189058, -0.981966,
           0.000000,  0.981966,  0.189058   ]
        zmp: [ 0, 0, 0 ]
        collisionDetection: true
        selfCollisionDetection: false
        isEditable: false
    - 
      id: 138
      name: "TargetTS4_35-50-H4"
      plugin: Body
      class: BodyItem
      data: 
        modelFile: "${SHARE}/WRS2020/model/TargetTS4_35-50-H4.body"
        currentBaseLink: "QR-BASE"
        rootPosition: [ 10.5000, 4.3036, 0.8000 ]
        rootAttitude: [ 
           1.000000,  0.000000,  0.000000,
           0.000000,  0.190927, -0.981604,
           0.000000,  0.981604,  0.190927   ]
        jointPositions: [  ]
        initialRootPosition: [ 10.5000, 4.3036, 0.8000 ]
        initialRootAttitude: [ 
           1.000000,  0.000000,  0.000000,
           0.000000,  0.190927, -0.981604,
           0.000000,  0.981604,  0.190927   ]
        zmp: [ 0, 0, 0 ]
        collisionDetection: true
        selfCollisionDetection: false
        isEditable: false
    - 
      id: 139
      name: "TargetTS4_35-50-H5"
      plugin: Body
      class: BodyItem
      data: 
        modelFile: "${SHARE}/WRS2020/model/TargetTS4_35-50-H5.body"
        currentBaseLink: "QR-BASE"
        rootPosition: [ 10.5000, 4.2091, 0.3000 ]
        rootAttitude: [ 
           1.000000,  0.000000,  0.000000,
           0.000000,  0.174819, -0.984601,
           0.000000,  0.984601,  0.174819   ]
        jointPositions: [  ]
        initialRootPosition: [ 10.5000, 4.2091, 0.3000 ]
        initialRootAttitude: [ 
           1.000000,  0.000000,  0.000000,
           0.000000,  0.174819, -0.984601,
           0.000000,  0.984601,  0.174819   ]
        zmp: [ 0, 0, 0 ]
        collisionDetection: true
        selfCollisionDetection: false
        isEditable: false

    - 
      id: 140
      name: "TargetTS4_35-50-I1"
      plugin: Body
      class: BodyItem
      data: 
        modelFile: "${SHARE}/WRS2020/model/TargetTS4_35-50-I1.body"
        currentBaseLink: "QR-BASE"
        rootPosition: [ 11.0000, 4.3813, 2.3000 ]
        rootAttitude: [ 
           1.000000,  0.000000,  0.000000,
           0.000000, -0.144251, -0.989541,
           0.000000,  0.989541, -0.144251   ]
        jointPositions: [  ]
        initialRootPosition: [ 11.0000, 4.3813, 2.3000 ]
        initialRootAttitude: [ 
           1.000000,  0.000000,  0.000000,
           0.000000, -0.144251, -0.989541,
           0.000000,  0.989541, -0.144251   ]
        zmp: [ 0, 0, 0 ]
        collisionDetection: true
        selfCollisionDetection: false
        isEditable: false
    - 
      id: 141
      name: "TargetTS4_35-50-I2"
      plugin: Body
      class: BodyItem
      data: 
        modelFile: "${SHARE}/WRS2020/model/TargetTS4_35-50-I2.body"
        currentBaseLink: "QR-BASE"
        rootPosition: [ 11.0000, 4.4470, 1.8000 ]
        rootAttitude: [ 
           1.000000,  0.000000,  0.000000,
           0.000000, -0.144978, -0.989435,
           0.000000,  0.989435, -0.144978   ]
        jointPositions: [  ]
        initialRootPosition: [ 11.0000, 4.4470, 1.8000 ]
        initialRootAttitude: [ 
           1.000000,  0.000000,  0.000000,
           0.000000, -0.144978, -0.989435,
           0.000000,  0.989435, -0.144978   ]
        zmp: [ 0, 0, 0 ]
        collisionDetection: true
        selfCollisionDetection: false
        isEditable: false
    - 
      id: 142
      name: "TargetTS4_35-50-I3"
      plugin: Body
      class: BodyItem
      data: 
        modelFile: "${SHARE}/WRS2020/model/TargetTS4_35-50-I3.body"
        currentBaseLink: "QR-BASE"
        rootPosition: [ 11.0000, 4.4008, 1.3000 ]
        rootAttitude: [ 
           1.000000,  0.000000,  0.000000,
           0.000000,  0.189058, -0.981966,
           0.000000,  0.981966,  0.189058   ]
        jointPositions: [  ]
        initialRootPosition: [ 11.0000, 4.4008, 1.3000 ]
        initialRootAttitude: [ 
           1.000000,  0.000000,  0.000000,
           0.000000,  0.189058, -0.981966,
           0.000000,  0.981966,  0.189058   ]
        zmp: [ 0, 0, 0 ]
        collisionDetection: true
        selfCollisionDetection: false
        isEditable: false
    - 
      id: 143
      name: "TargetTS4_35-50-I4"
      plugin: Body
      class: BodyItem
      data: 
        modelFile: "${SHARE}/WRS2020/model/TargetTS4_35-50-I4.body"
        currentBaseLink: "QR-BASE"
        rootPosition: [ 11.0000, 4.3036, 0.8000 ]
        rootAttitude: [ 
           1.000000,  0.000000,  0.000000,
           0.000000,  0.190927, -0.981604,
           0.000000,  0.981604,  0.190927   ]
        jointPositions: [  ]
        initialRootPosition: [ 11.0000, 4.3036, 0.8000 ]
        initialRootAttitude: [ 
           1.000000,  0.000000,  0.000000,
           0.000000,  0.190927, -0.981604,
           0.000000,  0.981604,  0.190927   ]
        zmp: [ 0, 0, 0 ]
        collisionDetection: true
        selfCollisionDetection: false
        isEditable: false
    - 
      id: 144
      name: "TargetTS4_35-50-I5"
      plugin: Body
      class: BodyItem
      data: 
        modelFile: "${SHARE}/WRS2020/model/TargetTS4_35-50-I5.body"
        currentBaseLink: "QR-BASE"
        rootPosition: [ 11.0000, 4.2091, 0.3000 ]
